OrtGel  Bina_Yasi    OrtOda     Ort_Y  Nufus  Ort_Hane  Enlem  Boylam
0      8.3252         41  6.984127  1.023810    322  2.555556  37.88 -122.23
1      8.3014         21  6.238137  0.971880   2401  2.109842  37.86 -122.22
2      7.2574         52  8.288136  1.073446    496  2.802260  37.85 -122.24
3      5.6431         52  5.817352  1.073059    558  2.547945  37.85 -122.25
4      3.8462         52  6.281853  1.081081    565  2.181467  37.85 -122.25
...
20635  1.5603         25  5.045455  1.133333    845  2.560606  39.48 -121.09
20636  2.5568         18  6.114035  1.315789    356  3.122807  39.49 -121.21
20637  1.7000         17  5.205543  1.120092   1007  2.325635  39.43 -121.22
20638  1.8672         18  5.329513  1.171920    741  2.123209  39.43 -121.32
20639  2.3886         16  5.254717  1.162264   1387  2.616981  39.37 -121.24

Mean Absolute Error (MAE): 0.5311643817546448
Predicted Values: [4.13164983 3.97660644 3.67657094 ... 0.17125141 0.31910524 0.51580363]
Mean Absolute Error (MAE) on Test Data: 0.5367525346722181
Predicted Values on Test Data: [0.72921491 1.7542562  2.67436509 ... 2.52703171 2.97491884 1.71792032]
             coefficients_model1 coefficients_model2
OrtGel                   6.33214            0.441671
Bina_Yasi               0.481225            0.009482
OrtOda                -15.139162           -0.110158
Ort_Y                  21.760216            0.647729
Nufus                  -0.141874           -0.000004
Ort_Hane               -4.705313           -0.003569
Enlem                  -3.964568           -0.419629
Boylam                 -4.362518           -0.433181
error_model1            0.531164                <NA>
error_model2                <NA>            0.536753
